,r,vc,los,daz,dlos
0,2601.722577734231,394.45690496221846,0.038918189493990736,-0.001105840659935908,0.013402190277370146
1,3590.422962370758,375.7214163680325,0.028357957858101464,-0.00201599843321808,0.0030833432972380477
2,2318.5287859183504,385.73932301255445,0.04310770167081949,-0.000428651238185823,0.01586168338508042
3,2845.4251861785096,396.7852072533996,0.03513254036891437,-0.004418625927719804,0.01196818613412065
4,2358.0812320689656,394.00086848906363,0.04277536731388819,-0.0020545401097723974,0.015573887333837185
5,188.73854156586913,357.6311005904413,-0.43250773767853445,1.4598797488146238,-0.647827740090295
6,1947.3101880204604,398.5058728204481,0.05130075740590365,-0.012844713560719681,0.020396093799179935
7,2896.4701664364775,391.5037866838155,0.03476472235026674,-0.0067915207720731985,0.011941896224252964
8,3405.344554350172,394.3917212239551,0.02911711909904765,-0.00018482566305183436,0.00592349027159579
9,2723.027309882841,397.619499632877,0.0367089934818241,-1.1709427639948347e-05,0.012769642387537191
10,3119.9766293425328,388.46369603674566,0.03223968881503663,-0.002450109827349096,0.01042336592606018
11,235.26104411905862,356.7911894092401,-0.043911188319301304,0.5643435780930294,-0.04981757679186196
12,2582.708595634971,399.5366823035797,0.038817783854949085,-0.007962324828806832,0.013547638936858817
13,2147.7956046719582,399.2728006604674,0.047042223993122106,0.00165837422627458,0.017849618148229683
14,222.2241121193042,387.45916118277387,0.1888695516188834,0.6495713078360282,0.33998477748837624
15,2445.8088317232723,387.72738400843514,0.0411136356496169,-0.0008242307373120827,0.014670000219943025
16,3606.5211374087166,398.15945097330075,0.028229057007383384,-0.0028843608308692995,0.003974088113668574
17,2879.5801024268144,382.2134192133522,0.03502800303645392,-0.0008016853030114997,0.012208026806704183
18,3308.2064336969474,371.53285239811896,0.03078377087166549,-0.007566681897813724,0.0035716702788189695
19,3147.780132513748,391.1052870490747,0.032218616180607146,-0.005308705440270162,0.01129636659244818
20,1924.993207465249,396.12519773948054,0.052359044767425894,-0.0073776069160880866,0.02092736638516456
21,2881.1888993272637,363.7011757940954,0.03509705421221409,-0.007435213721968192,0.012714828521179302
22,2225.009107232019,384.47784866338696,0.045422804761634336,-0.016506017514229247,0.016763124740558737
23,3487.944747331687,396.6161404561959,0.02914102853022664,-0.006140229633043608,0.006369958616373021
24,2445.34380160463,364.3880831985268,0.041313039756753205,-0.0029616934652864383,0.014724679441143647
25,1912.186194719429,381.4169166483594,0.05247457749414762,0.02061812043466338,0.013339701637048154
26,2288.044367280292,376.68723810980714,0.04413811507166849,-0.00425489760860155,0.01634543420296114
27,501.8736816257301,374.46561720326054,-0.19354544047931674,0.08750037375873035,-0.12553979867917073
28,3505.907366233393,390.74654659499436,0.02853839759224482,-0.0012587295400878255,0.004683895638341601
29,2126.8323321963526,394.77430852766423,0.047471171613493256,-0.0006947093862397452,0.018074548198381227
30,3027.045804235564,399.0596486549948,0.03305923864747361,-0.0002910609979575986,0.01147560011361782
31,2205.858048003578,392.2116362234498,0.04554821762479234,-0.012949077359142813,0.01704433558062363
32,3381.8711735029774,382.5373433676578,0.029913113788026333,0.0007647161486379312,0.005021425857001845
33,1703.440207714848,399.0089673453594,-0.01680996534216131,0.009161576548601447,-0.005425181826998531
34,181.44562190146007,395.9949658498547,-0.1686607699745157,1.0115912138786494,-0.3064098289798522
35,244.55094433182035,398.64720941150966,-0.15759826064502333,0.5571878374933057,-0.23942423174306768
36,3079.764006980241,391.9621059839519,0.03295648273355242,-0.004998163176098436,0.011679087479563217
37,2439.0023819353096,385.603978255,0.0413234862545458,-0.008689299077304898,0.014904916157317254
38,3231.72397815127,373.9141369489187,0.03121056033092114,-0.0011183358484733558,0.006418761894121339
39,2178.4065643929293,375.653598753534,0.046324247452214695,0.0014293358994263087,0.017653439268271228
40,2711.9561733291794,394.77477032859434,0.03713788122258048,-0.0041563956260606775,0.012657165403845476
41,2627.241772164908,395.84225069866625,0.03822645269927027,0.000908939909726642,0.013362163461079522
42,332.51788078656796,374.17323277715934,0.26961088485058265,0.30585438123283504,0.30278662918109883
43,3576.966165494214,399.14103301426,0.02816426476922339,-0.0016631640092619495,0.004598658056477729
44,3227.4239778010233,399.8206415475954,0.03148124113949973,-0.005160979143412201,0.010835970508589112
45,212.90968907612933,398.9436627870852,0.2498241851080541,0.7601563425123324,0.4017008451577413
46,2646.89884068543,396.6282137313848,0.03799572656364381,-0.004910489665331968,0.013057531450237747
47,3676.409219580607,395.62891276462153,0.027471569900666678,-0.0036565015326696848,0.0030884389963641446
48,3117.7005421289537,372.7569483920608,0.03230904936880642,-0.0035874998143724246,0.008822413967873921
49,3604.5581769719206,392.96323603143406,0.027624647145846244,-0.0023607233597671166,0.0031472111645986004
50,2131.1687624160572,385.48807226254195,-0.011622165177805135,0.003990448330077313,-0.0019002681645526754
51,1602.0660161710093,386.40058636969667,0.062410646480579056,-0.009556649825603057,0.027392541405803314
52,3159.0371039267857,374.30041731762424,0.03186032401067509,-0.002103918557597717,0.00798513014400896
53,2915.756734679582,389.104061811064,0.03475277387213711,-0.006183115503245294,0.012031827673601721
54,3627.861953387961,399.7830262509042,0.02790633083363796,-0.004872826549774567,0.00391848741467292
55,2260.2409255711923,399.285280025137,0.04452396433931232,-0.009613866555143102,0.016614121271753587
56,3314.9237047237316,374.699649591486,0.030161873667632934,0.0009254759897724254,0.005104763181574268
57,2780.5072651169085,398.4656088806315,0.03649057011204796,-0.006172584627706011,0.012267289721103934
58,3531.689082524913,397.1717997404663,0.028843192316351986,-0.005833164857946044,0.005474095290863769
59,2779.655309385738,390.6467039585814,0.03625457956029006,-0.009674033162902211,0.012535987419777218
60,2509.2820674850673,364.46987834582865,0.040021658519837335,0.00038807087650943655,0.014037410696410128
61,1026.7803306112428,384.3348954334588,0.09626997883701163,0.06074788550690562,0.03582727035397785
62,2397.7532447366543,390.69766583913076,0.04220267119332111,-0.00043208174618103467,0.015268943513157534
63,2348.866052069971,381.2168836823913,0.04289500927917318,-0.011911355730342835,0.015520240096901127
64,3086.7104885086355,398.11328564717957,0.03291520072913966,-0.007516857055635719,0.011536881376641443
65,2331.3605739875993,385.8406653273513,0.04294274331207691,-0.0016561808721073125,0.015894198418913104
66,3116.65711695743,391.5829224484355,0.03251550929054924,-0.004196289527739128,0.011195474850133374
67,2139.102775135817,375.2810529351657,0.047081559910055006,0.0014187287027908086,0.018144527361399484
68,3128.397173954567,396.5484906472679,0.03238781601206227,-0.001985736393751095,0.01135152858740347
69,1655.1407922099352,398.15683186395586,0.060615375790429325,-0.012197961060686305,0.02613378989335011
70,2534.9203854626153,392.61664302260476,0.039905127799536186,-0.002634620678767543,0.014006259830618154
71,2983.9406218882013,388.9733729868696,0.03374486273152012,-0.004824212248457361,0.01195822150665964
72,3531.2336382814533,397.6120054360969,0.028787354575583356,-0.0046869895573641495,0.005475279968937435
73,2203.753106757458,365.5689940932802,0.04581592940247216,-0.0009995009885014952,0.01717928900443286
74,2768.1949260556867,398.64139998265773,0.0362871141509792,-0.012915355318826637,0.012367254006315737
75,3017.3159814552405,375.64255446210365,0.03317639061877795,-0.0035086208058928998,0.010968850662723482
76,2996.923192584698,389.63715527343106,0.03368570666209991,-0.006265771375497661,0.011865606455311315
77,3203.586227384015,397.0556776144334,0.03125887070511698,-0.004468490488917237,0.010913466326094025
78,3347.5765621715946,399.721042900482,0.030325534634722266,-0.0020642027986855103,0.009487559273116043
79,3118.9801235748637,366.1776141580562,0.032444170214508246,-0.000749726008155091,0.007429875107393692
80,319.4313361241275,373.3474186063277,0.2997664983648415,-0.18248807441855072,0.28308106947140554
81,2216.6782375077896,398.56226690292686,0.04551432077286729,-0.007439194516228848,0.017099641078970215
82,3528.8566247369245,387.41178274298795,0.02842100360749747,-0.003615186638609582,0.003992132114933035
83,2759.4127051326695,393.9595930172678,0.03619950528460968,-0.008214521631901313,0.01229968694042401
84,3620.771878638706,384.0109115403701,0.027775326711451248,-0.002680438346142137,0.0030983841357102877
85,1548.425372276531,395.50587369297114,-0.02281847924896646,0.011861567003089378,-0.005617964460029659
86,183.26272110995887,399.00377879711846,-0.4319990403912317,0.9963729533938562,-0.8332332712536851
87,3561.597296597742,393.9975533222121,0.028462754668892566,-0.008986029793496766,0.0040299650788380575
88,170.30219261074126,399.59950333941,0.19541998227677432,1.0836196139364833,0.4903636607481605
89,159.34048741591914,387.33300705241487,-0.03842213131807701,1.2323436335922162,-0.0749142825356275
90,2138.6150206457833,399.14537447998094,0.04722767116005021,0.0025106657232540153,0.0180289894149385
91,3666.7606906918563,392.2501929093917,0.027693613492152165,-0.0028813344787173047,0.0031087947752547387
92,2415.049733907162,393.17402466325115,0.041322715304505694,-0.0005394240264454302,0.015005190480720125
93,397.89489616609785,369.66139473172035,0.24240613875195732,0.1378967477278235,0.18694687914340008
94,2488.4420204604085,362.534696178408,0.0405073370852307,-0.005317286526930323,0.014483788624915787
95,2547.414041087148,399.3417177370641,0.03940398532362968,6.7228650703157495e-06,0.013823387789820452
96,189.36933113430814,398.38911638935855,0.47385526084708784,0.9593286293324527,0.8744917244017727
97,197.84133116507155,396.0143755845874,0.4232119169803716,0.9877907996555607,0.706746932377629
98,1666.5887723743149,399.7972252870606,0.06021857354325134,0.007984981814527815,0.025837543972665095
99,2201.7474262743276,396.9730850550604,0.045537139896060765,-0.010696144624245514,0.017275027912012072
100,3547.293115442517,399.75046257310834,0.02845751769758455,-0.002423877193479978,0.005425439087482341
101,3252.931903069747,398.39509832233705,0.031247443678632608,-0.005343078398248019,0.010576437095932175
102,3143.393522629497,399.6102563203699,0.032100116917970586,-0.008149578663850602,0.011273227556425175
103,1007.9443870957937,372.1736495166563,-0.09494428360855692,0.06050882206435478,-0.03576780108625799
104,3675.679062936331,385.86222314119243,0.02755742978328826,-0.006504052886904821,0.0030186854968578176
105,1915.451912803133,394.01970969852334,0.052483180198802236,-0.006380263523875116,0.021044369483534203
106,2006.2846184051014,397.81720345752603,0.049910277901535176,-0.015166760946350081,0.019745456509633115
107,3060.4119500223906,391.06892190388396,0.03311266623374794,9.523299473482511e-05,0.011613195948638376
108,2687.907817159068,392.2279697464634,0.037362779075703116,-0.0024133667702715966,0.01292974566649437
109,2707.016878382605,365.1554594150306,0.03726234599183803,-0.002888988985864524,0.01384583898397098
110,1868.4366501966208,389.899283851748,0.05374195449049446,-0.008635572878905097,0.021676276923046744
111,154.20571857836057,398.22002408570813,-0.5025060093455784,1.4045141579658618,-1.1325402716366597
112,3431.771447882309,385.9651465200749,0.029594806230853796,-0.010876205759845572,0.004920946853028902
113,2625.212011821566,377.5647753272561,0.004926145042922169,0.0010118223221098474,0.0008406519241328436
114,1989.0529534940354,379.25971898523056,-0.015400926899691515,0.004057085877486786,-0.004229056257494794
115,3387.712851908582,391.4565876753798,0.02985605101013896,-0.001897741573902085,0.006016458205921813
116,3053.6123219755473,396.91056741170166,0.03302161179454547,-0.0012580279362147822,0.011510638415414116
117,918.1487278944321,365.73084189483944,-0.10731894491633687,0.012963063149383438,-0.039719129760998166
118,3311.558406938493,386.8838328936764,0.03051784300750889,-0.0025387360017606678,0.006780988758530941
119,2027.0929664820653,399.9075876546905,0.04964015097939316,-0.005016646747841246,0.019367211688173736
120,2610.544630537862,395.71169326623357,0.03806948078414701,-0.008594751212071334,0.013225774117533933
121,2693.9160169232173,397.62209189333066,0.03765077257790072,-0.005296219440461089,0.012776225827068725
122,2355.420566984932,395.59392597438716,0.04263833281549782,-0.0015236500642867668,0.01563975096132483
123,2761.266836650102,390.39319538461734,0.036698594388726524,-0.004510688686543739,0.012489050295119332
124,902.2387974737512,368.85081059447054,-0.10904255966748413,0.018897894445774686,-0.04274440093371242
125,1678.9060372641895,387.93294018987893,0.05957304634624203,-0.016297760617404275,0.025132642913093688
126,2675.0154351958113,385.9294084643012,-0.008035186634584208,0.0009275570885441351,-0.000979594254258846
127,3273.0081631523517,395.3481304156672,0.03075718182772575,-0.003304350927951032,0.010177108791656588
128,2570.020901342911,396.54301011733423,0.039026778680383636,-0.006388414222354602,0.013621254404946631
129,1986.6026195215795,399.8276088348841,0.050599422407933095,0.003298582286032424,0.01994526106478029
130,2368.60549532936,388.4189464862231,0.0425745460558691,-0.007458424449844208,0.015445002686162314
131,392.3446567161584,390.0990595717764,0.008034018835644679,0.22996712311834958,0.007474054663797856
132,230.18680272997722,367.44820303459295,-0.17979344823257717,0.5820640941187071,-0.2878071973594268
133,3098.174557350772,398.7689677910457,0.032475656911938995,-0.004776752169988331,0.011408829845877145
134,2307.5276740943086,386.07864953676284,0.04327042951391206,-0.005142591608701442,0.016040512527866566
135,1703.2078432653952,399.0644572914241,-0.003758217785406798,0.009161637016362368,-0.0024578488197847482
136,198.25113175885963,393.62610159616366,0.4564156823243859,0.9229729263601298,0.7273957168468994
137,2460.9855933022995,389.97631919404165,0.040814344860100236,0.002206921413719105,0.014753810629576647
138,2538.981341372755,399.21750402641993,0.039740122036098585,0.0001239087188120505,0.013960331658816355
139,2928.989920197877,361.89614362718214,0.03420168181758056,0.0008699569889536894,0.012539968310150564
140,1580.5971995220352,364.92521003558727,0.06354613363543744,0.0007305501593564624,0.014148937634502059
141,3549.842214051335,389.6100488005946,0.028228141348274265,-0.004725692481280923,0.003961244117235921
142,473.90163715184667,368.6880284514945,-0.06255543990175504,0.1500485860910514,-0.04141943235023376
143,3343.49847217402,387.7440899549369,0.03009785736948094,-0.0001331990890857896,0.0061337866921411825
144,2657.484517334707,372.6268252404447,0.03807115242339254,-0.0026251542136668327,0.013778487173166196
145,3746.9632454362113,399.48498879074276,0.02720553974216819,-0.005504559332252031,0.0030383547626110403
146,3191.3486262553674,362.32128239624546,0.03179036216577369,-0.005200280816726333,0.007221713472806205
147,2892.3951949491293,396.8040511477485,0.0351167920302311,-0.001792693956241477,0.011857713325878358
148,2247.3313768514486,395.9334624233643,0.0449022413306723,-0.0030299245160425436,0.01673194375677106
149,225.24878353758572,375.8912825909743,0.1049299284033405,0.617189043399091,0.19877075071521022
150,3718.6844529564623,391.87521391025064,0.027418980628999064,-0.005199548089741051,0.0030250228989391523
151,1859.953310128672,398.6118212303506,0.053918764022992664,-0.006050256568898572,0.021913622674015563
152,2510.045039361949,369.27760996745985,0.039881041224496844,0.013734293870664077,0.006076404560759005
153,2649.2935376004452,391.8903177540434,0.038164177899914366,-0.003135787559243812,0.013114709579258397
154,1942.5039967603493,399.0271010865338,0.051675309386228434,-0.004949201481566526,0.020571904055808454
155,3083.904041930941,394.5993598096021,0.03272157250984425,-0.00914130744661567,0.011465153155313844
156,2765.323451452257,397.503015718034,0.03644685549828535,-0.0016965890461641874,0.012368212024326145
157,3210.229717293861,397.2570073818506,0.031212464003673886,-0.0028496609320076364,0.010868370385379397
158,1820.8189126770167,397.7303338697712,0.05482897408716824,-0.0004802816654895733,0.022502402915326777
159,2179.256562195805,357.3104657609293,-0.013298181872673866,0.0010239046477429161,-0.0019502038014299157
160,1690.829094111406,382.055849111397,0.0594673488462455,0.0028306765274006013,0.025463581221536104
161,1953.487070837743,379.517187099437,0.05153095959490091,-0.0018770168416674794,0.020570228077929867
162,3706.788186947096,399.41388621439546,0.027250955934983712,-0.005386314625770338,0.003072500597328755
163,366.96863025494736,366.23615682306007,-0.10135351813483126,0.24075927629564586,-0.08657213662852994
164,1796.0724354676777,382.1990980147404,0.05571391495391286,-0.008631298638157618,0.022886028228136335
165,1621.1478258676848,399.3443073126286,0.06176655140435622,-0.02025417451398454,0.026983025246569144
166,2525.6878055940642,369.0248196013377,0.039884616536495124,-0.0011698712761821293,0.013970195302409415
167,2371.1349083423765,390.3252371490507,0.04228628808537294,-0.003903361759452265,0.015427487300013629
168,2281.7673244705097,378.7165625584096,0.0440825467891663,-0.00011244916195079992,0.016268484495584212
169,3096.8569867802908,398.03303095501525,0.03230702593682415,-0.002738662575286945,0.011383022266852425
170,297.11159143485224,362.6789176828383,0.1252543271265898,0.3587858957196149,0.17051186447684724
171,2327.516571593565,395.3668414080042,0.043214741472180344,-0.0012046485382085006,0.01585262495496074
172,2114.9469278163533,376.6465110266159,0.047533965369510454,-0.0005421563392894154,0.018175586101557537
173,191.85364978070447,374.3867338182186,-0.4176862156726005,1.1120724508828468,-0.6217070898151719
174,2608.5107948686564,360.35172559331176,0.038862726000814383,-0.006712054277798841,0.013703558028971646
175,3387.662388743107,396.41409717949284,0.0294422105175763,-0.0009197577949388027,0.0065328543982443804
176,2005.274858968972,393.8944750587881,0.05005132932408271,-0.00907604257666123,0.01958254915669355
177,2621.0442646549945,369.7003256240846,0.03851539429536832,-0.004011179926923323,0.013505032602818486
178,2401.166064365223,388.0148698333456,0.041951002162430494,-0.0062817396069503794,0.015138629146510124
179,2406.2520356052682,388.8087530372851,0.04178466158258042,-0.006407245187312117,0.01507669503163845
180,246.32721940645183,391.0707174234887,0.04840805305607887,0.5441697877840982,0.1148065479656453
181,1587.1727200840014,399.85759636156104,0.06293033666715911,-0.014569474631677475,0.027714821676304232
182,1888.156159796895,386.1053301190613,0.05332036208280364,-0.0168943877149186,0.021869033867199187
183,1907.2216327525002,361.9324084246417,0.05286004752423127,0.0029001929626921745,0.020919700469434487
184,1965.320080702184,396.19294084830574,0.051234440732551095,-0.00192090280120911,0.020295932861172653
185,471.7769394346933,362.9751039119455,-0.08132146167080188,0.14347154330490772,-0.05280972879918265
186,168.64980744236072,399.5058919950533,0.3397935458113605,1.1259180979372951,0.8150778338044985
187,2217.3741436960045,399.0891341074048,0.04544084848555028,0.0025191063853958607,0.017059421153177726
188,125.9172870670036,390.13368792931215,-0.08919027178691595,1.82946173881036,-0.2714827334535757
189,2007.4238314532256,393.15438201438656,0.05017698170569977,-0.011753901237830763,0.0195425143679923
190,1588.7915812674528,399.57688314850174,0.06326269846891384,-0.01420656135833601,0.027719833665118737
191,226.55940833529075,398.0982348299471,0.07419386685338646,0.6541367708052439,0.13913091137087094
192,292.9149271734575,398.9095338189274,-0.2889378384135848,0.6355360718238866,-0.38709513159993897
193,2085.138240288634,386.6553811733589,0.048425073836575905,-0.001536484939363508,0.01860096381464688
194,1781.7910052620557,395.67517877408505,0.056184433996834815,0.006371555526313485,0.023168607665358956
195,203.31998663027798,359.7962837850608,0.03567545137110361,0.7421423183464272,0.04578334076091479
196,2280.3765076696104,385.97593658606587,0.04388201993925314,-0.008420870830151334,0.016267937942544525
197,169.33389518557124,387.6181565518302,0.4780560952610751,1.2652421931134628,0.8899723458472826
198,2893.2068581106755,378.8411534959763,0.034608354221259026,-0.005653585093148615,0.01258008282295809
199,1257.8075061786687,385.4033213879207,0.07864225357474924,0.028688130022590644,0.024121980417841603
